881694608 951253300 225
226216355 282869505 729753981
220482019 78042048 361771813
187417215 76036708 429293229
429731978 757454192 870084269
725575940 917960096 944814050
318374651 471901491 745780035
64904385 716909444 895655385
28193041 606850168 741690218
480919667 747204438 810456805
271221917 539446312 950777092
363654464 32385526 845220822
584001412 232748426 274686238
583625836 314041607 484596483
844264195 913852945 942201311
598309400 224240694 401915791
211301794 669486409 853477058
384095454 491862538 894828593
850714859 486726891 498243500
780010465 655424748 684733669
784553099 425227897 789646041
868077631 248941843 363431931
116164048 298246876 757032973
354137029 561763537 815699790
812816931 780189421 908957111
547331788 547473102 720813458
870611923 434194031 668848539
242992377 133015751 147898649
606064810 617305542 693331735
851470450 223689321 720789391
134627065 694502291 745396442
34133341 459929573 821904826
355831747 430996865 732463087
683928034 346865401 943549598
497980629 73299916 518986667
448735702 160090269 371314980
511865539 434127161 928301963
777372189 203319702 771930069
588271805 473784154 486648323
720601556 820575498 824920847
623751547 629468981 836152580
594613061 55534878 427737213
226600685 216374150 280223878
867106169 310219392 348775396
673707509 74810665 682748238
473006622 657290867 734770404
589754060 800423436 842303783
680956410 262537922 815539871
147166718 348621371 869583033
795126153 661939669 926479969
200264677 370735666 479465452
364960355 937414835 949883421
797501193 53461879 761486254
376013016 436867014 500578824
281294127 31117669 152310280
856029474 463046641 625063127
737613460 910065775 922012491
814896969 912331920 923931476
469886205 458007638 557840630
119241653 830299022 918991572
287238666 759238632 919335365
253911725 82269900 453162014
507917598 808452498 923280247
455869155 847129572 934844058
816040735 942357565 945467361
321832083 487321218 880287250
638842416 165639993 452712781
351701206 556160629 653417485
289219792 621984091 948756588
621369109 719690158 769059112
497691662 854313392 914188205
678223110 292628113 520089946
294391939 249306513 330592018
122460575 897371402 916273158
246703647 819109840 823888692
652804067 863860300 872852081
680956410 262537922 872592589
28193041 741690218 870832931
473006622 657290867 796012998
364960355 937414835 948146023
844264195 913852945 921730248
511865539 928301963 938709948
795126153 926479969 930358948
187417215 76036708 92046480
119241653 830299022 846178497
737613460 910065775 920458953
797501193 761486254 845345319
355831747 732463087 842649449
497691662 854313392 867786666
318374651 471901491 833425839
253911725 82269900 722368274
384095454 491862538 632386279
547331788 547473102 553339977
720601556 824920847 835026763
119241653 918991572 931640566
455869155 934844058 937377831
673707509 682748238 790643430
34133341 459929573 797182537
678223110 520089946 781241818
780010465 655424748 726345665
253911725 82269900 451446491
589754060 842303783 909925421
851470450 223689321 224864410
814896969 912331920 929769459
226600685 280223878 478307766
606064810 617305542 654652650
606064810 617305542 644205838
638842416 452712781 639306740
187417215 429293229 759338587
652804067 863860300 937270872
200264677 479465452 567065245
797501193 53461879 509419873
187417215 429293229 639723080
589754060 800423436 879173810
777372189 203319702 898749871
28193041 741690218 860584624
868077631 363431931 882911239
351701206 653417485 812500544
226600685 216374150 735075088
355831747 430996865 665815205
318374651 471901491 913797563
281294127 152310280 945871803
376013016 500578824 805590574
680956410 262537922 850076885
720601556 820575498 828494791
683928034 943549598 950536528
473006622 657290867 715249938
850714859 498243500 620659813
678223110 520089946 545540046
473006622 657290867 752759535
816040735 945467361 948070272
621369109 719690158 911934037
816040735 945467361 946402853
511865539 928301963 935027735
497691662 854313392 920642135
122460575 916273158 927379845
588271805 486648323 864844856
844264195 913852945 918767799
200264677 370735666 838694545
246703647 819109840 828283851
638842416 165639993 176456963
321832083 880287250 944584593
678223110 292628113 708766929
289219792 621984091 738221400
119241653 830299022 858841489
281294127 152310280 682211137
784553099 789646041 873728646
680956410 815539871 887790727
246703647 823888692 936071167
147166718 869583033 910196291
497980629 73299916 210462663
777372189 771930069 772858619
797501193 53461879 781322605
28193041 741690218 859782145
547331788 720813458 799784283
318374651 745780035 782066528
318374651 745780035 846006387
598309400 401915791 463448234
777372189 203319702 492034695
119241653 918991572 931237457
777372189 203319702 603283116
870611923 434194031 684709142
64904385 716909444 778233378
226600685 216374150 946699825
868077631 248941843 503449796
680956410 262537922 426882918
246703647 819109840 842706643
480919667 747204438 813178898
211301794 853477058 860224440
511865539 434127161 451794250
122460575 916273158 937576977
469886205 557840630 823762298
289219792 621984091 796950554
870611923 434194031 843442775
652804067 863860300 867291938
28193041 741690218 942688912
429731978 870084269 877936222
321832083 487321218 808977518
497691662 914188205 919170239
64904385 895655385 944735451
480919667 810456805 883573367
187417215 76036708 164398724
28193041 741690218 874130712
211301794 853477058 854386985
122460575 916273158 943592747
364960355 937414835 946428516
119241653 830299022 856390916
119241653 830299022 876285962
594613061 55534878 63917253
287238666 919335365 941569314
473006622 734770404 807709830
812816931 908957111 933263603
867106169 310219392 692119715
354137029 561763537 883282074
652804067 863860300 949911040
147166718 348621371 600823426
780010465 655424748 889620318
683928034 943549598 944318859
737613460 922012491 944864993
497980629 73299916 472105790
318374651 471901491 493048923
583625836 484596483 657944310
287238666 759238632 878451842
795126153 926479969 929440521
867106169 348775396 915732244
583625836 484596483 521663202
455869155 934844058 950148074
122460575 897371402 935816117
429731978 757454192 821822511
318374651 745780035 829693032
351701206 556160629 874335825
507917598 808452498 894562455
680956410 262537922 743318649
678223110 520089946 705806535
795126153 661939669 811592737
384095454 491862538 839584198
384095454 491862538 800007517
355831747 430996865 587668245
384095454 491862538 856987971
473006622 734770404 907476152
119241653 918991572 928435509
870611923 434194031 477890125
851470450 223689321 233509910
351701206 653417485 784552203
34133341 459929573 680227892
680956410 815539871 938741443